[2.211184405332507, 0]
[2.3203953183820523, 1]
[2.139652304602258, 2]
[3.049180175012916, 3]
[3.294483599696831, 4]
[2.308270344779778, 5]
[1.3652202277669487, 6]
[2.765780279779709, 7]
[2.704220009936465, 10]
[1.8983208866446648, 12]
[2.8618799559990173, 14]
[2.0532576766276973, 18]
[2.7933137633477774, 20]
[2.6315491179341413, 22]
[2.4633123843631974, 23]
[1.9382165547639878, 24]
[2.596416239879924, 25]
[2.8078878954775504, 26]
[2.214642769575864, 28]
[1.6088244361093, 30]
[2.2715071291217597, 33]
[2.243255138686372, 37]
[2.2077206236153826, 41]
[2.6604721356536993, 42]
[3.2010122354543618, 43]
[2.5617973889714176, 45]
[1.979886036943448, 46]
[2.2960813434219096, 47]
[2.9926013775639944, 48]
[2.8448933384291815, 49]
[2.5578111147767477, 50]
[1.9824612987184098, 51]
[2.2871758150784016, 52]
[2.5438099629191835, 53]
[2.6189166136950055, 55]
[2.333550711547805, 56]
[2.3971815391264237, 57]
[1.7875846618734632, 58]
[2.8196739109658746, 60]
[2.4487709838873317, 64]
[2.2804738464147296, 68]
[2.536780408654366, 71]
[2.518614322805049, 72]
[1.4954180853179075, 75]
[2.767624367151543, 79]
[2.256860232056636, 81]
[2.8698911564545226, 83]
[1.7339790694126564, 84]
[2.5578111147767477, 85]
[2.550820145200595, 87]
[2.8840783454956807, 88]
[2.430996634644108, 89]
[2.05077131952783, 91]
[2.2261318480714296, 94]
[1.6740973031780804, 95]
[2.9453439120245295, 96]
[2.2871758150784016, 97]
[2.7593162686259873, 99]
[2.4477290067963415, 100]
[2.331363301103586, 103]
[2.248933929959804, 104]
[2.1926476737780853, 106]
[2.208875821034994, 108]
[2.268135471086769, 110]
[2.5387908388375098, 112]
[2.6315491179341417, 113]
[2.7211472942188655, 115]
[3.200215194438056, 117]
[2.660472135653699, 118]
[2.409917803852333, 123]
[2.9849195362104783, 127]
[1.9682556622392053, 128]
[2.4099178038523323, 129]
[2.67195368118268, 130]
[2.3918547463102557, 131]
[1.4868641652196222, 132]
[2.2579902895838724, 134]
[1.7631574602081668, 135]
[2.2007767054016942, 136]
[1.9811740862680287, 137]
[2.3907879635447746, 138]
[2.254598417768912, 140]
[2.4633123843631974, 142]
[2.468484982137573, 143]
[2.1360725320411698, 145]
[2.732373892173355, 146]
[2.508465207826385, 147]
[2.0357894083627603, 148]
[2.4921406553030354, 151]
[2.455013559316219, 152]
[2.0569815772338726, 153]
[2.5707439058544344, 154]
[2.087755787798878, 155]
[2.2054084134926213, 156]
[2.277115465173563, 159]
[2.381165411995486, 161]
[2.1972965172205945, 163]
[2.3747287159559245, 164]
[1.9210301618009378, 169]
[2.278235475658506, 173]
[1.3947970903917404, 175]
[1.8616839384359984, 178]
[2.156279331630836, 179]
[2.2591197818334883, 181]
[2.503375220536034, 183]
[2.0420452294901876, 184]
[2.821482774325274, 188]
[2.4911168188180013, 189]
[2.2466641359339397, 190]
[1.5912867803267943, 192]
[3.198620516578913, 195]
[1.9434740997570532, 196]
[2.4183713833601037, 198]
[2.2134905818679975, 199]
[1.7861570150882418, 202]
[2.478797796352498, 206]
[2.3357360734890227, 207]
[1.5391323241100376, 209]
[2.194973326251848, 210]
[2.171604726148516, 213]
[2.5377858228284236, 216]
[2.382236503813162, 217]
[2.75005561073604, 218]
[1.99400881850187, 219]
[2.6373590967097975, 221]
[1.8159019080588563, 225]
[1.93558242695281, 226]
[2.3907879635447746, 227]
[2.3628825669944074, 230]
[2.672908250427238, 231]
[1.8794131044671407, 232]
[2.0143743002045196, 235]
[2.2647587935038516, 237]
[2.340100674813634, 238]
[2.7004439818065973, 239]
[2.252334332148189, 240]
[2.1312901489181306, 242]
[2.753763611025115, 243]
[2.60915768425836, 245]
[2.4003719407578297, 246]
[2.725830662553396, 247]
[2.109635268045543, 250]
[2.153911900330576, 253]
[2.3137895731183913, 255]
[2.1432260979744373, 257]
[2.3313633011035866, 258]
[1.9539467502869932, 259]
[1.1568561130159651, 260]
[2.7777449642885808, 261]
[2.636391656067359, 262]
[2.425744098945589, 263]
[2.2318542087420385, 266]
[2.7416942744941197, 267]
[2.808796267867371, 270]
[2.605243876887372, 271]
[2.821482774325274, 272]
[2.526704263179478, 276]
[1.8685227562735762, 277]
[2.150355866347869, 278]
[1.6633963733259236, 281]
[2.4736467636104327, 282]
[2.393986885736752, 284]
[2.0131074935303683, 287]
[2.581636434215187, 288]
[2.41942600396693, 289]
[1.7602613862307668, 290]
[1.742783881627077, 291]
[2.1844883921893845, 292]
[2.318195494762401, 294]
[2.2477993194473838, 296]
[2.345545005397436, 298]
[2.7323738921733556, 299]
[2.196135228935921, 301]
[2.4299470358085284, 302]
[1.997843159688018, 303]
[2.4695182015638313, 305]
[2.904351019028625, 306]
[2.7136370925943725, 308]
[1.9901670899234174, 310]
[2.355313087402988, 311]
[2.8259998672851836, 312]
[2.0975081778191775, 313]
[1.72216929673902, 314]
[2.7248946328436188, 315]
[2.4194260039669304, 316]
[2.2042513988852797, 320]
[2.4183713833601033, 321]
[2.4067400563574517, 322]
[2.4992957671169154, 323]
[2.6652621238203547, 325]
[2.621837209274575, 339]
[3.0441562861971847, 380]
[2.9660579461116052, 484]
[3.018066306343801, 501]
[1.8929379349059707, 1048]
[1.7975464414249636, 1049]
[1.9303033876215479, 1050]
[1.836853383353362, 1051]
[2.05077131952783, 1052]
[1.963064489177925, 1053]
[2.085310563886123, 1054]
[1.9991196391233144, 1055]
[1.701304944800314, 1056]
[1.5944897926532702, 1057]
[1.742783881627077, 1058]
[1.638674721148957, 1059]
[1.438022219215371, 1060]
[1.3099110987508162, 1061]
[1.4868641652196222, 1062]
[1.3633503693063325, 1063]
[1.6402307406425898, 1064]
[1.5291553440453354, 1065]
[1.6832153829519505, 1066]
[1.5751740250142365, 1067]
[1.5976863836523494, 1068]
[1.4834287863532887, 1069]
[2.244392046425745, 1070]
[2.164544950268442, 1071]
[2.311583463134899, 1072]
[2.2341390490997206, 1073]
[2.3422799256057925, 1074]
[2.2658849118102506, 1075]
[2.442512453730906, 1076]
[2.3693514450802864, 1077]
[2.4715833446371405, 1078]
[2.399308944917512, 1079]
[1.9565561542132528, 1080]
[1.864422475798665, 1081]
[1.9927290652386482, 1082]
[1.902348104611868, 1083]
[2.109635268045543, 1084]
[2.024480216711208, 1085]
[2.1432260979744377, 1086]
[2.059460436792172, 1087]
[2.076729607373279, 1088]
[1.9901670899234174, 1089]
[2.60720151497574, 1090]
[2.5387908388375093, 1091]
[2.462276560855985, 1092]
[2.3897207045624067, 1093]
[2.4911168188180013, 1094]
[2.4194260039669304, 1095]
[2.585585976472763, 1096]
[2.5165877742304326, 1097]
[2.6130656295986436, 1098]
[2.544812599831906, 1099]
[2.132486750179657, 1100]
[2.048281944304852, 1101]
[2.2432551386863726, 1102]
[2.163366081114402, 1103]
[2.7416942744941197, 1104]
[2.6767231232361905, 1105]
[1.9552518875514295, 1106]
[1.8630537102957867, 1107]
[1.5191128402210445, 1108]
[1.3984502154163077, 1109]
[1.6710468870966693, 1110]
[1.5621641663246977, 1111]
[2.2971921069920316, 1112]
[2.21924553848824, 1113]
[1.9604637479532065, 1114]
[1.8685227562735764, 1115]
[1.996565864151713, 1116]
[1.9063668150619246, 1117]
[2.1132598246856844, 1118]
[2.0282569537176593, 1119]
[2.146793942018589, 1120]
[2.0631731418281847, 1121]
[1.7761313568637462, 1122]
[1.6740973031780804, 1123]
[1.8159019080588563, 1124]
[1.7162339360836751, 1125]
[1.5258151869049392, 1126]
[1.4057279851604376, 1127]
[1.5719316548269193, 1128]
[1.45565391186242, 1129]
[1.717719698956029, 1130]
[1.611992601675039, 1131]
[1.7588115609805202, 1132]
[1.6557105093319313, 1133]
[1.6771421711175156, 1134]
[1.5686825828746374, 1135]
[2.3016298007481124, 1136]
[2.2238387808843663, 1137]
[2.367197116564522, 1138]
[2.291632905232611, 1139]
[2.3971815391264237, 1140]
[2.3225930584590144, 1141]
[2.4952096441508123, 1142]
[2.4236398973314275, 1143]
[2.523673574597231, 1144]
[2.4529344660617896, 1145]
[2.0219584729223317, 1146]
[1.9329447094771945, 1147]
[2.056981577233872, 1148]
[1.9695513176236408, 1149]
[2.1704296915160013, 1150]
[2.087755787798878, 1151]
[2.203093776640338, 1152]
[2.1216930438555095, 1153]
[2.1384597129180216, 1154]
[2.0544997268062355, 1155]
[2.6566339268563985, 1156]
[2.589529494907891, 1157]
[2.5145595924084656, 1158]
[2.4435566552562062, 1159]
[2.5428069306635477, 1160]
[2.4726152693664334, 1161]
[2.6354238602860955, 1162]
[2.5677651970222537, 1163]
[2.6623891650587836, 1164]
[2.59543353794619, 1165]
[2.1926476737780853, 1166]
[2.1108441451224955, 1167]
[2.3005211798363145, 1168]
[2.2226913601642804, 1169]
[2.788743727276942, 1170]
[2.7248946328436188, 1171]
[2.020696420892085, 1172]
[1.9316245000205268, 1173]
[1.6024693142013988, 1174]
[1.488578881561394, 1175]
[1.74716964846237, 1176]
[1.6433383596148392, 1177]
[2.3531459066660405, 1178]
[2.277115465173563, 1179]
[2.0042174270257793, 1246]
[1.9143789276074121, 1247]
[2.039545203630206, 1248]
[1.9513338569615524, 1249]
[2.153911900330576, 1250]
[2.0705785805081494, 1251]
[2.186822721951374, 1252]
[2.1047928166250203, 1253]
[1.8243113727074538, 1254]
[1.7251293192868828, 1255]
[1.8630537102957867, 1256]
[1.7660487850340847, 1257]
[1.5816388248727509, 1258]
[1.4661311523933749, 1259]
[1.6261729659547288, 1260]
[1.5140666097881788, 1261]
[1.7674926738000056, 1262]
[1.6649292884714844, 1263]
[1.8074533174590806, 1264]
[1.7072922065268457, 1265]
[1.7280842716418308, 1266]
[1.6230324807499528, 1267]
[2.3390102880164716, 1268]
[2.2625048753804635, 1269]
[2.403558107561889, 1270]
[2.3291738363849013, 1271]
[2.433094473974168, 1272]
[2.3596414776311043, 1273]
[2.529731320914995, 1274]
[2.4591664725454834, 1275]
[2.5578111147767477, 1276]
[2.488042781494912, 1277]
[2.0644092263835456, 1278]
[1.977307421128788, 1279]
[2.0987240401812364, 1280]
[2.0131074935303683, 1281]
[2.2100304146254066, 1282]
[2.1288949286526133, 1283]
[2.2421176544567167, 1284]
[2.16218656921644, 1285]
[2.1786416253088827, 1286]
[2.0962916102493945, 1287]
[2.689084083675992, 1288]
[2.6228100184254712, 1289]
[2.5488192033819366, 1290]
[2.478797796352498, 1291]
[2.5766909931898456, 1292]
[2.5074480369609145, 1293]
[2.6681319890740727, 1294]
[2.6013241810266243, 1295]
[2.6947700187543857, 1296]
[2.628639312962313, 1297]
[2.2318542087420385, 1298]
[2.1515418640484363, 1299]
[2.3379193926717345, 1300]
[2.2613770738875107, 1301]
[2.8196739109658746, 1302]
[2.756541337955058, 1303]
[2.0631731418281847, 1304]
[1.976016851353918, 1305]
[1.6557105093319313, 1306]
[1.545747868957183, 1307]
[1.796126712752534, 1308]
[1.6952965380536507, 1309]
[2.3897207045624063, 1310]
[2.314891839695262, 1311]
[3.0282695822070194, 8]
[2.3178242830291884, 9]
[2.986310555170193, 11]
[2.7538456517889203, 13]
[2.306910535950603, 15]
[2.233260254165585, 16]
[2.6097500285307356, 17]
[2.5897286083765487, 19]
[2.0188559727096713, 21]
[2.2219311818136624, 27]
[2.6818834205549877, 29]
[2.8688592804523587, 31]
[2.8026700214743556, 32]
[2.6901045926325264, 34]
[2.129870245317625, 35]
[2.242422981187566, 36]
[3.2377028124330676, 38]
[1.9269155179480286, 39]
[2.7783650878842225, 40]
[3.392337850907089, 44]
[2.4738519511887533, 54]
[1.8051993624611258, 59]
[2.1365248486927997, 61]
[2.6421851211773086, 62]
[2.6771742730699817, 63]
[2.9645763934310634, 65]
[2.9836685240251546, 66]
[2.419050366391443, 67]
[2.9836685240251546, 69]
[2.5111876373973807, 70]
[2.371639799294813, 73]
[2.782903008484816, 74]
[2.406629960467795, 76]
[2.4040069613233768, 77]
[2.268994192057977, 78]
[2.25784442720772, 80]
[3.053684789727386, 82]
[2.956584952356578, 86]
[3.0031645150009103, 90]
[2.5701649543957656, 92]
[2.197662998781007, 93]
[1.9833869018886274, 98]
[2.4482157811558842, 101]
[1.9929070455425844, 102]
[2.4301095521377096, 105]
[2.452721453819851, 107]
[2.75728005807747, 109]
[1.9030293648461256, 111]
[2.1622091766799563, 114]
[1.9005412495047749, 116]
[1.7564860264012887, 119]
[2.371639799294813, 120]
[2.870508194281128, 121]
[1.594570917254653, 122]
[1.9269155179480286, 124]
[2.6463605637739906, 125]
[2.5677090170566874, 126]
[2.325975987964983, 133]
[2.0039567186015175, 139]
[2.581798753063751, 141]
[2.581798753063751, 144]
[2.487205165076403, 149]
[1.7981958027895957, 150]
[2.6403936244759554, 157]
[2.757852043312728, 158]
[2.558478255582181, 160]
[1.809562822587963, 162]
[2.9016595284400877, 165]
[2.2297261025007695, 166]
[1.7858734858088992, 167]
[2.657660840290865, 168]
[3.0407443894053454, 170]
[1.7329813136609966, 171]
[2.0644368027049285, 172]
[2.1911940783551556, 174]
[2.1157529046115027, 176]
[2.1534376318178126, 177]
[3.3194874761264956, 180]
[2.5897286083765487, 182]
[3.3932676350329216, 185]
[2.804357853710639, 186]
[2.3164628766148585, 187]
[2.6659567100518404, 191]
[2.590946431964374, 193]
[2.226186340248905, 194]
[3.0298317420143572, 197]
[1.8905560429353228, 200]
[2.6350118263455373, 201]
[2.5707785721327068, 203]
[2.49669945030837, 204]
[2.62421511896338, 205]
[2.086475967320213, 208]
[2.1519722316665995, 211]
[2.8578422084481474, 212]
[2.8110990486388854, 214]
[2.697716104971946, 215]
[2.852317714957936, 220]
[2.738337519791791, 222]
[2.308960792927713, 223]
[2.1446302116074003, 228]
[2.457860680162344, 229]
[2.457860680162344, 233]
[2.782336173164801, 234]
[1.2046467367291016, 236]
[2.565865521393657, 241]
[2.0925148877044473, 244]
[2.966172097988619, 248]
[2.3689780583764746, 249]
[2.330717982836431, 251]
[1.984181991833375, 252]
[1.9228183852476703, 254]
[2.2564468327899894, 256]
[2.3742985562327896, 264]
[2.5578616870648703, 265]
[2.191913790081898, 268]
[2.480855455655935, 269]
[2.165125128081281, 273]
[2.478947371256667, 274]
[2.962447450328657, 275]
[2.2276029201309187, 279]
[2.4501477982967055, 280]
[2.2304333808266423, 283]
[2.095527821765849, 285]
[2.785169196146584, 286]
[2.251548420594265, 293]
[2.085719872866998, 295]
[2.308960792927713, 297]
[2.124680033078373, 300]
[2.023538209014217, 304]
[2.1037911415471204, 307]
[2.672456827589147, 309]
[1.6971139744669481, 317]
[2.56648016707888, 318]
[1.7128407989604193, 319]
[2.774956777461399, 324]
[2.4105591076379302, 326]
[2.6212081412840007, 327]
[2.4642696411742406, 328]
[2.38225702301809, 335]
[2.7000537919743333, 345]
[2.8940393883173505, 349]
[2.4884731626938876, 356]
[2.733148588186714, 357]
[2.4053188184430434, 364]
[2.7111302786978584, 367]
[2.846228387112575, 374]
[2.787433541394983, 386]
[3.1347357276297845, 389]
[2.837347854156338, 392]
[2.450791465553666, 407]
[2.823974692929412, 414]
[2.510559454799855, 418]
[2.7658474163733393, 429]
[2.5720053684239588, 443]
[2.606726364763612, 444]
[2.6736369692972213, 447]
[2.629019129572077, 448]
[2.501117782931776, 459]
[2.8054825110724764, 464]
[2.59398848956031, 470]
[2.9480368712723855, 476]
[2.4229593723241676, 477]
[2.4033507642370395, 488]
[2.857290239764818, 489]
[2.8781906349805935, 491]
[2.8918585173902085, 506]
[2.6139772819103877, 507]
[2.6427820168722276, 511]
[2.718102698144835, 522]
[2.387547929734386, 523]
[2.929250979302431, 535]
[2.619402297764902, 562]
[2.896218617035363, 574]
[2.3609748307593765, 576]
[2.650529428703941, 578]
[2.781202155945584, 581]
[2.2585429001029516, 589]
[2.718102698144835, 590]
[2.6901045926325264, 596]
[2.5305839540162847, 599]
[2.130610672089543, 604]
[2.353614632012185, 605]
[2.6391986177452216, 619]
[2.7544183502164725, 622]
[2.725057277792916, 627]
[2.9480368712723855, 633]
[2.875997745958787, 636]
[2.7834697283725456, 644]
[2.526841448039378, 645]
[2.7377614574989844, 655]
[1.6924606263274016, 984]
[1.5696471122013516, 985]
[1.7999492474609116, 986]
[1.6849885396074964, 987]
[1.8286383567582032, 988]
[1.7156011555664223, 989]
[1.4142381904635801, 990]
[1.2646891889073786, 991]
[1.4505759565558576, 992]
[1.305197184685687, 993]
[1.2979261327658405, 994]
[1.1331290002863716, 995]
[1.3374278270204827, 996]
[1.1781690361158843, 997]
[1.4710905866925028, 998]
[1.3279595624222875, 999]
[1.506057256756041, 1000]
[1.3665934091020024, 1001]
[1.6152097284676934, 1002]
[1.4860254210847745, 1003]
[2.352273939777608, 1004]
[2.2655157851867576, 1005]
[2.018855972709671, 1006]
[1.9170676888725169, 1007]
[2.0444755769922396, 1008]
[1.9440291844751851, 1009]
[2.1343089529597896, 1010]
[2.038294333961073, 1011]
[2.158558698079937, 1012]
[2.063672633493514, 1013]
[1.732070916378917, 1014]
[1.6122775023361218, 1015]
[1.7618656605252119, 1016]
[1.6442444133739493, 1017]
[1.8653591953038169, 1018]
[1.7546891498718526, 1019]
[1.8930572822492042, 1020]
[1.7841062073347105, 1021]
[1.9809997173613858, 1022]
[1.8771598134840284, 1023]
[2.6169925680074217, 1024]
[2.5392950175549873, 1025]
[2.4757639626583705, 1026]
[2.3934862197162072, 1027]
[2.49669945030837, 1028]
[2.4151350335630553, 1029]
[2.570778572132707, 1030]
[2.4916403336176316, 1031]
[2.590946431964374, 1032]
[2.5124435314017353, 1033]
[2.2480430199660475, 1034]
[2.1570967768719997, 1035]
[2.444992359995887, 1036]
[2.361642802290761, 1037]
[1.8560346473186025, 1040]
[1.7447732509471228, 1041]
[1.5392059098337945, 1042]
[1.4030409538002733, 1043]
[1.8147851260376442, 1044]
[1.7008274865079556, 1045]
[2.493538705235525, 1046]
[2.4118674009325556, 1047]
[1.7938046924087518, 1180]
[1.6784231765800777, 1181]
[1.8225905247421585, 1182]
[1.7091533886849941, 1183]
[1.9228183852476703, 1184]
[1.8156540495975437, 1185]
[1.9497003587779067, 1186]
[1.8440988515240175, 1187]
[1.5676360893322971, 1188]
[1.434172930211193, 1189]
[1.6004948781390391, 1190]
[1.470018006734203, 1191]
[1.4635660201466303, 1192]
[1.3196191043256944, 1193]
[1.4987082577006394, 1194]
[1.3584901644375595, 1195]
[1.619111102879184, 1196]
[1.4902650263091293, 1197]
[1.650945701662804, 1198]
[1.5247920497603566, 1199]
[1.7510898652405122, 1200]
[1.632692500540606, 1201]
[2.4475714365403567, 1202]
[2.364312801247273, 1203]
[2.1291295610546737, 1204]
[2.032870328606911, 1205]
[2.1534376318178126, 1206]
[2.058315505286449, 1207]
[2.2389032931093005, 1208]
[2.1475700317030806, 1209]
[2.26203202945226, 1210]
[2.1716717034214477, 1211]
[1.859430802309421, 1212]
[1.7483855392191274, 1213]
[1.887215900460066, 1214]
[1.777906898609373, 1215]
[1.984181991833375, 1216]
[1.8805178174878752, 1217]
[2.010243548202083, 1218]
[1.907995861699286, 1219]
[2.093268527780716, 1220]
[1.9952799840049387, 1221]
[2.7029730576195976, 1222]
[2.6278189502686327, 1223]
[2.56648016707888, 1224]
[2.4872051650764027, 1225]
[2.5866815409673984, 1226]
[2.508045151020008, 1227]
[2.6582542610043975, 1228]
[2.5817987530637505, 1229]
[2.6777633694037037, 1230]
[2.6018811940005597, 1231]
[2.3475754873548635, 1232]
[2.2606370239388114, 1233]
[2.5368091945689595, 1234]
[2.4565768815209337, 1235]
[3.0593612258884697, 1236]
[1.9754184015692589, 1238]
[1.8712688065673375, 1239]
[1.6812400429678789, 1240]
[1.5575420274432843, 1241]
[1.9367132732799721, 1242]
[1.8303626384059324, 1243]
[2.583630879928287, 1244]
[2.504898722282503, 1245]
[3.258810229372353, 224]
[2.6517180877582445, 329]
[2.9664414551630105, 330]
[2.381543034515383, 331]
[3.1088304569441907, 332]
[2.6406032052416504, 333]
[2.6248314812257023, 334]
[3.1596148357623983, 336]
[2.411861510321835, 337]
[2.4453436778410906, 338]
[2.224536768463331, 340]
[2.36111444282143, 341]
[2.3129954425571753, 342]
[2.7672922496185532, 343]
[1.955504119197103, 344]
[2.658234544405141, 348]
[1.9215900892030748, 350]
[2.1916284161604804, 351]
[2.0190570858463066, 352]
[1.9572727902420117, 358]
[2.5315551439188573, 359]
[2.7027699159063325, 361]
[2.3669691744929007, 362]
[2.198721670206169, 363]
[1.6217967609719963, 366]
[1.8246058948758008, 368]
[2.4275915044434413, 370]
[1.9314685487111882, 375]
[2.069831870624661, 376]
[2.479769319063322, 378]
[2.4268787165479684, 379]
[3.2746985112274976, 381]
[2.6162487660525664, 382]
[1.7421449493531524, 384]
[2.093105297351849, 387]
[2.7816346219238457, 390]
[2.1947838036972853, 391]
[2.543146668226941, 395]
[2.1805486025190315, 396]
[3.0000778237292662, 398]
[2.3264203520246474, 400]
[2.499228218654023, 401]
[2.797140747298361, 403]
[2.4218833274016975, 405]
[1.8640052015320947, 406]
[1.5067724254855999, 410]
[1.951961969339313, 415]
[2.4275915044434417, 417]
[2.580962340370616, 420]
[2.356713849075702, 421]
[2.6783348052577307, 428]
[2.4446360659912005, 433]
[2.6294413395473786, 434]
[2.5722332521467473, 435]
[2.308503123587993, 436]
[2.3382888991982558, 438]
[2.490907304089632, 439]
[1.850030344927308, 445]
[2.3981934868428034, 449]
[2.7547599246667174, 450]
[2.712992543323264, 452]
[2.236945943925465, 453]
[3.2736416914822364, 455]
[2.4025181052408295, 457]
[2.2828796754958405, 462]
[1.6691117627228598, 463]
[2.5033783043302305, 466]
[2.1356546026101983, 468]
[1.9722424558946892, 469]
[2.519223632327588, 471]
[1.8387739898645439, 480]
[2.8144061848542092, 487]
[2.384447117404487, 490]
[2.3353274172295335, 493]
[1.620729627756216, 494]
[2.3545104679291278, 496]
[2.4936840273011547, 497]
[0.9523871811904013, 498]
[2.671867371882519, 500]
[1.8870666606270494, 503]
[2.8119461842104654, 505]
[2.8474081871797536, 508]
[2.5013041222038415, 509]
[2.0104699549562066, 510]
[2.3953060701892395, 514]
[2.8679924064128586, 516]
[2.633386223818195, 517]
[2.5762657372880176, 520]
[2.936546324966515, 521]
[1.618593250653755, 524]
[2.795284553915659, 526]
[2.9288771943720016, 527]
[2.5762657372880176, 528]
[2.206576320719221, 529]
[2.65888531168256, 530]
[2.0437557429075093, 531]
[2.495764542350555, 532]
[2.3728094600914034, 533]
[2.406834953145879, 534]
[2.6640857271456038, 536]
[3.098238671469186, 538]
[2.0182000169194634, 539]
[2.4446360659912005, 540]
[2.3523050228978537, 541]
[2.8944135119553867, 542]
[2.1485771811711656, 543]
[2.787226764796422, 544]
[2.2400374966715213, 545]
[2.1405097120370336, 547]
[2.972850011461504, 548]
[2.052203599254224, 549]
[2.8327880968613464, 555]
[1.9599228041581436, 556]
[2.5472252004462685, 559]
[1.9448583158799397, 560]
[2.4190241877865732, 564]
[2.1103919412431345, 566]
[2.5363345402350266, 568]
[1.884314187924284, 569]
[2.1054673827892048, 570]
[2.039518692879558, 571]
[2.448878670089573, 572]
[2.6169099742795954, 575]
[2.45804585794928, 577]
[2.4916017749992747, 580]
[1.3337967091108371, 584]
[2.9211879297214804, 588]
[2.6392924946484353, 591]
[2.298739648732232, 592]
[2.3055033812956545, 593]
[3.002383682823026, 594]
[2.3603815802720316, 595]
[3.0786320986683617, 597]
[2.129976321080337, 601]
[2.4734821623079597, 603]
[1.9034979166456538, 607]
[2.490907304089632, 608]
[2.0199137911105605, 609]
[2.25159301399726, 610]
[2.3771802581154837, 612]
[2.1210225940866123, 613]
[2.967607676586404, 614]
[2.074006993892708, 617]
[3.071317779063121, 625]
[2.3241882521596895, 629]
[1.82365744151775, 630]
[2.8510514955175803, 631]
[2.842543178830998, 634]
[2.2346244725249065, 635]
[2.583642280359492, 639]
[2.504069316573277, 640]
[2.209710363284881, 642]
[2.3234437423498457, 643]
[2.4046774978876804, 649]
[2.372080210761601, 650]
[2.4573419037995414, 652]
[2.622193637850509, 654]
[2.4985358675240392, 657]
[1.8537672743906344, 658]
[2.540424009031556, 668]
[2.455933390168439, 677]
[2.330135766940795, 683]
[2.7320568750487855, 684]
[2.5164750901266593, 685]
[2.1694122018125803, 691]
[2.528820004716073, 692]
[2.5157874853841533, 693]
[2.357447851817229, 695]
[2.5164750901266593, 700]
[2.1413178266986246, 702]
[2.574922277254065, 705]
[2.496457662061733, 707]
[2.615587390675204, 708]
[2.43683877419248, 710]
[2.3397682345349304, 711]
[1.9975200438530676, 712]
[2.6373252073777693, 713]
[2.424025469004748, 725]
[2.4275915044434413, 727]
[2.727620449258682, 728]
[2.8082521427430724, 730]
[2.1694122018125803, 732]
[2.3449385588168195, 733]
[2.7193621708504003, 735]
[2.432575171651057, 739]
[2.2881785476835477, 743]
[2.4860405757509034, 745]
[2.8082521427430724, 746]
[1.7746142892943726, 747]
[2.5157874853841533, 750]
[2.05473118330096, 760]
[2.887231734177296, 763]
[2.7301564324529033, 764]
[3.12990650008865, 765]
[2.4403860861491147, 766]
[3.2063598932498403, 768]
[2.877628149195293, 769]
[2.9995010819834147, 770]
[2.51303518502342, 776]
[2.495764542350555, 777]
[2.7008488657255434, 779]
[2.3204633143867692, 782]
[2.10135476822143, 784]
[2.7604065119220915, 785]
[2.7635385195658433, 786]
[1.8481590467075448, 789]
[2.626149409317457, 790]
[2.356713849075702, 792]
[1.9590398644863418, 793]
[2.5863194434004133, 794]
[2.1054673827892048, 799]
[2.800231668676562, 804]
[2.5472252004462685, 805]
[2.676396216223898, 807]
[3.34319271605264, 808]
[2.6471470234305166, 809]
[2.6854309919996067, 810]
[2.48395191608906, 811]
[2.310001533947637, 815]
[2.6989264481740856, 816]
[1.9625692398222516, 819]
[2.3070037400036023, 822]
[1.926086578787611, 833]
[2.1757828389508362, 834]
[3.2241170289324486, 835]
[2.69443547322373, 837]
[2.4916017749992747, 838]
[3.1143906123266545, 840]
[2.6989264481740856, 842]
[2.9745954033253055, 846]
[2.033571991673259, 849]
[2.070667568748311, 851]
[2.517849736273571, 852]
[2.598332542292315, 853]
[1.8509652845918831, 857]
[2.7629124020699094, 859]
[2.844368532092142, 862]
[2.1324117217836465, 863]
[2.2369459439254644, 864]
[2.0182000169194634, 866]
[2.173396038331622, 868]
[2.8902263103263595, 872]
[2.5654983584724556, 874]
[3.0588998565685634, 879]
[2.181341884153, 881]
[2.4629679033777134, 883]
[1.9581565266939738, 885]
[1.7401576392188685, 891]
[2.803319182027156, 893]
[2.7785230126495506, 896]
[2.400356769976625, 897]
[1.689715428321866, 899]
[3.0413158166374332, 901]
[2.6673308380557526, 902]
[2.438967780485277, 903]
[2.398193486842804, 910]
[2.2798462190117488, 912]
[1.8686402621695246, 914]
[2.5573930742018094, 917]
[2.972850011461504, 918]
[2.0906241084817236, 919]
[2.197147370525995, 921]
[2.729522657544998, 926]
[2.4446360659912005, 931]
[2.2979868940098696, 933]
[2.623512891069644, 939]
[2.5315551439188577, 941]
[2.5199102994531892, 942]
[2.962940036726174, 944]
[2.007886654406628, 945]
[2.656281285976965, 946]
[2.3040020455591574, 947]
[1.803624712666544, 950]
[2.4978433244884766, 957]
[1.7736391031309935, 961]
[2.1900490175558134, 962]
[2.7803903960883813, 965]
[2.4268787165479684, 966]
[2.197147370525995, 967]
[2.5546855981755483, 968]
[2.4361286919609673, 972]
[2.25389700818796, 974]
[2.488127482087132, 977]
[2.102177934795101, 979]
[2.298739648732232, 980]
[2.88962764336346, 982]
[2.9716858473637062, 1038]
[2.747213088058569, 1039]
[2.944783052322996, 1237]
[2.5814591996890472, 346]
[2.2731291896931443, 347]
[2.014655319963676, 353]
[3.057034553628663, 354]
[2.587620283854874, 355]
[2.3932458852310057, 360]
[2.044469409538376, 365]
[2.9842871537805684, 369]
[2.3624413330045924, 371]
[2.6795251755746197, 372]
[2.5441793956227707, 373]
[2.998128143357189, 377]
[2.316153825274646, 383]
[2.076923958242486, 385]
[2.677147047331359, 388]
[3.0055545829765884, 393]
[2.125425788959142, 394]
[3.069510283921314, 397]
[2.1566624089449027, 399]
[2.250601138587096, 402]
[2.1640332437173866, 404]
[2.119423760687377, 408]
[2.660440628638933, 409]
[1.8652662608493826, 411]
[2.9412909999107586, 412]
[1.9585469414727363, 413]
[2.1463007149267046, 416]
[2.355691388558899, 419]
[2.4091614699297863, 422]
[2.614556582281632, 423]
[2.9842871537805684, 424]
[2.5139575483832717, 425]
[2.6133382282438333, 426]
[2.5579117442513457, 427]
[3.2025440336640663, 430]
[2.3475658366957464, 431]
[2.7649273624101665, 432]
[2.847769560949531, 437]
[2.2954361548647984, 440]
[1.5765746574820458, 441]
[3.3004895035004345, 442]
[2.6759571906671864, 446]
[2.306508737263579, 451]
[2.7067234771629, 454]
[2.6652245769388907, 456]
[2.4210294977464812, 458]
[2.8286942601655647, 460]
[1.8788756312954233, 461]
[1.7009500177008554, 465]
[2.3678274343572605, 467]
[2.6937498561591253, 472]
[2.387917117524972, 473]
[2.3134021891645196, 474]
[2.8185433075844837, 475]
[2.644833036458449, 478]
[2.1889084345150356, 479]
[2.2912701413857146, 481]
[2.843292768123661, 482]
[3.125034788235916, 483]
[2.0723187129558185, 485]
[1.953662673466797, 486]
[2.632764236164358, 492]
[2.2378294493203015, 495]
[2.365135916896046, 499]
[2.4549926526366597, 502]
[3.0392729405735395, 504]
[1.4525121246553092, 512]
[2.035101620565578, 513]
[2.23498138487595, 515]
[2.447196838014962, 518]
[2.629132792951189, 519]
[2.618208242712368, 525]
[3.111758326077717, 537]
[1.942218281871604, 546]
[2.056893429556071, 550]
[3.0044947868984533, 551]
[2.204854604947587, 552]
[2.83993054228612, 553]
[2.4197137025290796, 554]
[2.7149471392802416, 557]
[2.0630773828330593, 558]
[2.4223445782361708, 561]
[2.556666396819767, 563]
[3.1311433994939053, 565]
[2.7499128661893524, 567]
[2.7695308314605938, 573]
[2.686646930105955, 579]
[2.6711924639151423, 582]
[2.281519860431762, 583]
[2.4406813045197984, 585]
[2.635182418112507, 586]
[2.086103949670579, 587]
[2.2135040974590794, 598]
[3.0788339065079553, 600]
[2.2633007590185326, 602]
[2.833194120511332, 606]
[2.9520987472765805, 611]
[2.287096539403384, 615]
[2.8106227760886258, 616]
[2.8544715855618947, 618]
[2.5616441539826993, 620]
[2.517755118220993, 621]
[1.9405778592173757, 623]
[2.284309901709431, 624]
[3.0850340005213224, 626]
[2.4025427893039253, 628]
[2.7020130041912185, 632]
[1.792122289436789, 637]
[2.5202836524548564, 638]
[2.0830484476670255, 641]
[3.0973969563799377, 646]
[3.104585945444714, 647]
[2.426285542957578, 648]
[2.567852781097799, 651]
[1.5725294264691663, 653]
[2.435456327513613, 656]
[2.5139575483832712, 659]
[1.9569202066514149, 660]
[1.647691419432642, 661]
[2.1947204472773825, 662]
[1.825574268162326, 663]
[2.5063451467353164, 664]
[3.2956613644242303, 665]
[2.1845392773846584, 666]
[1.827317934933055, 667]
[1.5785933856969696, 669]
[2.0319694270646536, 670]
[1.8991068318804196, 671]
[2.4601761383092775, 672]
[2.982152069012669, 673]
[1.968279117011041, 674]
[2.280123559545178, 675]
[2.2091835843164676, 676]
[2.0845767585002952, 678]
[2.196171047174838, 679]
[2.3529859890418745, 680]
[2.621854817197505, 681]
[2.2349813848759497, 682]
[2.7533850170087937, 686]
[2.5416746337027996, 687]
[1.987600514057307, 688]
[2.244933802588211, 689]
[2.4782329604031665, 690]
[2.6604406286389324, 694]
[1.600631366565624, 696]
[2.8511225425304785, 697]
[2.119423760687377, 698]
[3.005554582976588, 699]
[1.31681255079329, 701]
[2.3078890748527803, 703]
[2.7832955551701506, 704]
[2.031969427064654, 706]
[2.219251697413906, 709]
[2.838808915418215, 714]
[2.3434924956923204, 715]
[2.7992688548891134, 716]
[2.707899815092208, 717]
[2.222119922501413, 718]
[2.614556582281632, 719]
[2.5690927060235276, 720]
[1.8720833130150503, 721]
[2.165504400056852, 722]
[2.0723187129558185, 723]
[2.6723844420346117, 724]
[2.3078890748527803, 726]
[2.3932458852310052, 729]
[2.939124681372474, 731]
[2.7706805036240465, 734]
[1.9141399112027353, 736]
[1.3192288355999209, 737]
[2.303745580911669, 738]
[2.316153825274646, 740]
[2.700834102285229, 741]
[2.1655044000568515, 742]
[2.5591564856668207, 744]
[2.739470009120269, 748]
[2.2378294493203015, 749]
[2.377223747600556, 751]
[2.728987191268049, 752]
[2.6759571906671864, 753]
[2.6568470144624325, 754]
[2.8106227760886253, 755]
[2.91081583016024, 756]
[2.8083556640790617, 757]
[2.8544715855618947, 758]
[1.9763526548214325, 759]
[2.6023473738984744, 761]
[3.1695578879008908, 762]
[2.905340197524807, 767]
[2.532888461094786, 771]
[1.7028213028583274, 772]
[2.632764236164358, 773]
[2.2278452946701788, 774]
[1.9892021592167206, 775]
[2.9108158301602396, 778]
[2.3758836923141753, 780]
[1.973127203886394, 781]
[2.4679309536565044, 783]
[1.5603308099893078, 787]
[1.6972012577220639, 788]
[2.7055466277765805, 791]
[2.511422644950476, 795]
[2.5416746337027996, 796]
[1.877179855827401, 797]
[2.4104830252349507, 798]
[2.401216863943091, 800]
[2.378563047915195, 801]
[1.873783700863309, 802]
[2.435456327513613, 803]
[1.9827878159868983, 806]
[3.0809019908731634, 812]
[2.696113339802407, 813]
[2.496159165708576, 814]
[1.9715124995710647, 817]
[2.7855830630108844, 818]
[2.7090756422307605, 820]
[1.4914560515815887, 821]
[2.690200737361903, 823]
[1.552145138057495, 824]
[1.822081928748877, 825]
[2.3078890748527803, 826]
[2.6375983830432688, 827]
[2.268922218318697, 828]
[3.027724609840699, 829]
[1.6085703213226665, 830]
[2.988552747271845, 831]
[2.5579117442513453, 832]
[3.015075984451454, 836]
[2.1433310302871322, 839]
[2.7055466277765805, 841]
[2.9293564228151747, 843]
[2.1477840174576395, 844]
[2.3462088421258254, 845]
[2.4795177016468815, 847]
[1.947131257694525, 848]
[2.643628635794072, 850]
[2.7208059656733936, 854]
[2.3216473137280658, 855]
[2.778714890092819, 856]
[2.1801613642530016, 858]
[2.0738549309964887, 860]
[2.5516789291799626, 861]
[3.166542108436264, 865]
[1.8133216541240735, 867]
[2.570332032811108, 869]
[2.6363906773239947, 870]
[1.6105489453573583, 871]
[2.6532485330257254, 873]
[2.1787001049777173, 875]
[2.8766989011386093, 876]
[2.5653711333622886, 877]
[2.086103949670579, 878]
[2.086103949670579, 880]
[2.2321296864740705, 882]
[2.3051275731120904, 884]
[2.281519860431762, 886]
[2.7149471392802416, 887]
[2.5253331257158056, 888]
[1.9731272038863943, 889]
[2.1932688879719784, 890]
[2.2520157441192827, 892]
[2.111897237937552, 894]
[1.9859975772214022, 895]
[2.061533133569702, 898]
[1.8940692908761567, 900]
[2.8094894487640527, 904]
[2.4078391892820945, 905]
[2.254842292770009, 906]
[1.9158029717094625, 907]
[2.3475658366957464, 908]
[2.3009791063951144, 909]
[1.3736307858973413, 911]
[3.1189142128592025, 913]
[2.9970657212078007, 915]
[2.2689222183186963, 916]
[1.8009856840225353, 920]
[2.9499403655275422, 922]
[2.0615331335697014, 923]
[2.278726403068473, 924]
[3.069510283921314, 925]
[3.084001517123654, 927]
[2.73132018328285, 928]
[2.098281464161548, 929]
[2.3380503352921753, 930]
[2.4795177016468815, 932]
[2.347565836695746, 934]
[1.88395379936201, 935]
[1.8652662608493826, 936]
[2.5050741641340846, 937]
[3.0973969563799377, 938]
[2.539167400961401, 940]
[2.2982093017311707, 943]
[2.5076154851402688, 948]
[2.5628870826443624, 949]
[2.3023627591712064, 951]
[2.4510978446902527, 952]
[2.3257589147621305, 953]
[2.5826925923173296, 954]
[2.1239268720040716, 955]
[2.3932458852310052, 956]
[1.9955958852530322, 958]
[2.532888461094786, 959]
[2.928269049308298, 960]
[2.5678527810977987, 963]
[2.4262855429575776, 964]
[2.359743672178258, 969]
[2.264707431993249, 970]
[3.0203526823491766, 971]
[2.545430852304387, 973]
[3.217425941467991, 975]
[1.7938984717780853, 976]
[2.693749856159125, 978]
[2.2940483243185827, 981]
[2.431530226620948, 983]
